Epoch,G_Loss,D_Loss,Val_PSNR,Val_SSIM,Val_IFC,Set5_PSNR,Set5_SSIM,Set5_IFC,Set14_PSNR,Set14_SSIM,Set14_IFC
1,0.053360,0.106074,20.9131,0.679738,2.638819,21.0029,0.672259,2.745916,19.7832,0.588399,2.835567
2,0.020371,0.214829,24.0379,0.737699,2.606493,24.6623,0.746320,2.719903,22.8258,0.646042,2.799232
3,0.017237,0.031288,25.6458,0.762867,2.587282,25.8727,0.765206,2.702019,23.6191,0.668564,2.771940
4,0.015287,0.062989,24.4619,0.776357,2.564932,24.6572,0.765903,2.679624,22.9916,0.676603,2.744174
5,0.014634,0.056306,26.8621,0.778789,2.590963,27.1148,0.786175,2.708226,24.2599,0.683778,2.775484
6,0.014273,0.059123,24.8237,0.782061,2.588626,25.4741,0.793099,2.706077,23.2900,0.683659,2.766642
7,0.013775,0.054392,26.3361,0.789354,2.574361,26.6760,0.807241,2.696758,23.9992,0.689685,2.757520
8,0.013509,0.080259,27.5689,0.790889,2.571961,27.6218,0.810533,2.698426,24.5435,0.696145,2.748292
9,0.013001,0.140148,27.3626,0.790047,2.575584,27.4321,0.806375,2.695397,24.5106,0.689883,2.750970
10,0.012912,0.144967,28.1030,0.802128,2.572182,28.0027,0.818724,2.693494,24.8040,0.704750,2.749309
11,0.012625,0.160042,28.2222,0.806489,2.575808,27.9605,0.821253,2.695997,24.7815,0.700215,2.753701
12,0.012469,0.160538,27.7780,0.808654,2.577180,27.8022,0.822171,2.697928,24.7647,0.704767,2.756077
13,0.012163,0.154476,28.2853,0.815964,2.572669,28.0167,0.829763,2.694563,24.8259,0.711944,2.751056
14,0.011930,0.125842,28.6271,0.817429,2.574373,28.2213,0.829197,2.694045,24.9621,0.710316,2.751846
15,0.012060,0.135550,28.2365,0.812173,2.574635,27.8632,0.826960,2.693488,24.7621,0.706750,2.754535
16,0.011941,0.105642,27.5016,0.818481,2.560829,27.2947,0.829371,2.685077,24.4319,0.714481,2.739001
17,0.011807,0.114822,25.2452,0.805699,2.594446,26.1256,0.822444,2.712233,23.8033,0.707377,2.772304
18,0.011645,0.110102,28.9679,0.822922,2.571285,28.4383,0.835938,2.694207,25.1152,0.717352,2.749532
19,0.011572,0.108582,28.2159,0.811064,2.576410,27.9787,0.814779,2.694596,24.9234,0.701720,2.752071
20,0.011477,0.108563,28.2114,0.823519,2.580483,28.4887,0.837820,2.702099,25.1268,0.718300,2.756157
21,0.011494,0.134101,28.6150,0.822483,2.566595,27.9471,0.834446,2.688553,24.7908,0.712654,2.741745
22,0.011278,0.118611,29.2689,0.827675,2.571546,28.5797,0.839490,2.692664,25.2069,0.720707,2.747014
23,0.011281,0.104093,28.0246,0.815721,2.578781,27.8771,0.821387,2.695452,24.8012,0.699107,2.752095
24,0.011073,0.134804,28.9711,0.822414,2.571833,28.2505,0.831731,2.694302,25.0376,0.712446,2.747789
25,0.011080,0.109930,29.2945,0.828352,2.567394,28.6578,0.838243,2.693736,25.2204,0.717875,2.741930
26,0.011085,0.130660,29.0988,0.828845,2.572758,28.7625,0.839754,2.698612,25.2534,0.718601,2.747993
27,0.010978,0.119957,28.9252,0.823293,2.573869,28.5610,0.833968,2.699259,25.1636,0.714630,2.748340
28,0.010854,0.109652,29.1594,0.827463,2.574489,28.6344,0.840967,2.696827,25.2248,0.718685,2.752341
29,0.010760,0.108079,28.1623,0.832218,2.562304,27.7299,0.841690,2.688044,24.6397,0.722095,2.737696
30,0.010600,0.126882,29.1424,0.823003,2.575909,28.5705,0.834701,2.702373,25.1514,0.711840,2.753714
31,0.010646,0.108769,29.3566,0.832024,2.574247,28.7539,0.841598,2.698693,25.2450,0.720847,2.752440
32,0.010540,0.114027,29.2912,0.831244,2.577002,28.7735,0.840430,2.699607,25.2807,0.717679,2.753872
33,0.010613,0.099800,28.9897,0.828536,2.564921,28.0501,0.833148,2.688657,24.7166,0.702569,2.734715
34,0.010455,0.097690,29.3284,0.829337,2.561297,28.3289,0.831610,2.688187,24.9273,0.704544,2.727203
35,0.010654,0.138202,29.3606,0.826393,2.575919,28.5261,0.832395,2.698456,25.0865,0.707246,2.751497
36,0.010213,0.123615,28.9352,0.826647,2.568730,28.1033,0.830954,2.689859,24.8488,0.706063,2.741561
37,0.010278,0.129167,28.8136,0.832945,2.572483,28.5851,0.839221,2.697632,25.1760,0.713825,2.747139
38,0.010223,0.107226,28.9755,0.828340,2.567994,28.1463,0.827304,2.691797,24.8764,0.698921,2.738146
39,0.010163,0.120920,29.3763,0.835701,2.570443,28.5801,0.837243,2.696212,25.1223,0.713110,2.743290
40,0.009980,0.114519,29.2492,0.833322,2.572565,28.5359,0.837571,2.695159,25.1196,0.710919,2.744352
41,0.010027,0.118052,29.3040,0.837346,2.565064,28.5030,0.837605,2.691668,25.0728,0.712368,2.735337
42,0.009966,0.133063,29.3019,0.830919,2.571357,28.3896,0.830880,2.694183,25.0334,0.701973,2.743430
43,0.009969,0.130175,29.4923,0.828994,2.570588,28.3484,0.827305,2.694922,25.0509,0.701747,2.740770
44,0.009783,0.148922,28.7800,0.828966,2.586058,28.4325,0.829703,2.707180,25.1296,0.710317,2.765040
45,0.009883,0.135352,29.7362,0.838534,2.568639,28.4644,0.832875,2.695978,25.0432,0.706266,2.739523
46,0.009822,0.131768,29.3023,0.830961,2.563223,27.8625,0.825029,2.688694,24.5498,0.692939,2.726738
47,0.009634,0.141051,29.5678,0.832360,2.567856,27.9857,0.824327,2.690368,24.7037,0.694297,2.734439
48,0.009776,0.146700,29.6195,0.839896,2.562868,28.2355,0.835909,2.687502,24.9259,0.709165,2.730220
49,0.009563,0.133299,28.7365,0.828226,2.557633,27.7637,0.819489,2.684920,24.5211,0.685237,2.717149
50,0.009704,0.132362,29.7114,0.838507,2.568846,28.4137,0.832767,2.694289,25.0522,0.705826,2.737967
51,0.009449,0.154266,29.3833,0.827993,2.565093,28.0646,0.816073,2.692828,24.7101,0.681912,2.729360
52,0.009386,0.142567,29.1117,0.834151,2.555384,27.5787,0.822969,2.683722,24.3774,0.691764,2.715878
53,0.009453,0.146927,29.1754,0.832315,2.553177,27.4443,0.810873,2.677045,24.2904,0.679369,2.709680
54,0.009439,0.159005,29.7671,0.841840,2.562180,28.2113,0.830607,2.687833,24.9731,0.707352,2.728449
55,0.009290,0.151279,29.0167,0.837480,2.558860,27.3690,0.817719,2.680333,24.3377,0.691196,2.720403
56,0.009330,0.157361,29.4667,0.838869,2.566508,27.9870,0.820488,2.691743,24.7665,0.693762,2.728882
57,0.009206,0.153296,29.4504,0.829919,2.557098,27.5116,0.808141,2.681092,24.5177,0.683108,2.718863
58,0.009171,0.166603,29.8415,0.837248,2.560928,27.8368,0.816004,2.684441,24.6572,0.686208,2.721607
59,0.009093,0.171826,29.8644,0.838914,2.563180,27.8392,0.816109,2.686799,24.6284,0.683487,2.721638
60,0.009085,0.178796,29.7215,0.840864,2.563852,27.8790,0.821204,2.688233,24.7203,0.694080,2.728241
61,0.009039,0.178543,29.6426,0.832103,2.566527,27.8716,0.813453,2.691528,24.7569,0.686525,2.730837
62,0.009035,0.185306,29.7810,0.844034,2.567826,28.2328,0.826725,2.691469,24.8918,0.696916,2.731186
63,0.008971,0.184009,29.7384,0.839804,2.562346,27.8132,0.817046,2.687179,24.6458,0.686843,2.724876
64,0.008933,0.190838,29.2979,0.845507,2.572598,28.2774,0.832461,2.694577,24.8935,0.705346,2.736371
65,0.008918,0.189977,29.9633,0.845237,2.562972,27.8680,0.818914,2.685181,24.7647,0.694879,2.725318
66,0.008917,0.191088,29.9580,0.840853,2.560383,27.6783,0.811366,2.684131,24.6223,0.685311,2.717888
67,0.008802,0.188089,29.0661,0.848917,2.560675,28.0116,0.832692,2.685171,24.8137,0.709000,2.726970
68,0.008726,0.199478,30.0624,0.842121,2.563170,27.6880,0.810068,2.686421,24.5959,0.680903,2.722339
69,0.008770,0.185056,29.5072,0.836267,2.559828,27.2125,0.793339,2.680983,24.3886,0.670275,2.718408
70,0.008764,0.206070,29.6170,0.840946,2.572020,27.7896,0.813261,2.694256,24.7745,0.689142,2.734531
71,0.008657,0.196702,29.8631,0.839955,2.558105,27.4791,0.804546,2.682660,24.5023,0.677450,2.714700
72,0.008580,0.198957,29.9201,0.841876,2.555197,27.5660,0.809363,2.679400,24.5697,0.681578,2.711892
73,0.008534,0.199613,29.9362,0.844327,2.563905,27.6585,0.811827,2.685655,24.6167,0.685331,2.720731
74,0.008684,0.212707,29.9624,0.842266,2.561649,27.5151,0.808029,2.682751,24.5453,0.679222,2.715507
75,0.008500,0.209246,29.6507,0.845674,2.565593,27.6577,0.810489,2.687266,24.6605,0.684500,2.721604
76,0.008564,0.219745,29.4774,0.839695,2.562801,27.3625,0.805316,2.683264,24.4842,0.681581,2.723918
77,0.008397,0.213617,30.2243,0.849576,2.566738,27.8399,0.818306,2.687761,24.7416,0.690424,2.726643
78,0.008444,0.209362,29.6314,0.842265,2.554356,27.2578,0.802374,2.675765,24.3450,0.676164,2.707222
79,0.008299,0.206510,30.1070,0.847219,2.563560,27.6441,0.810378,2.685319,24.6590,0.686107,2.722939
80,0.008436,0.225143,30.1453,0.849220,2.562978,27.7298,0.815507,2.684204,24.7545,0.691961,2.722807
81,0.008288,0.225667,29.4614,0.845337,2.568235,27.6074,0.809460,2.688889,24.5570,0.682473,2.725232
82,0.008418,0.224318,30.1190,0.847485,2.557721,27.4342,0.806453,2.678530,24.5023,0.679797,2.711265
83,0.008218,0.243178,30.0944,0.846307,2.560733,27.4325,0.804656,2.682262,24.4968,0.676337,2.714973
84,0.008190,0.216468,30.0735,0.847740,2.557999,27.4750,0.807772,2.680543,24.4614,0.678811,2.710418
85,0.008152,0.234887,29.6657,0.847337,2.551250,27.2344,0.805086,2.674356,24.2229,0.677625,2.700172
86,0.008180,0.234004,30.1932,0.846860,2.557329,27.3927,0.802348,2.680509,24.4675,0.675776,2.710620
87,0.008140,0.234983,29.9767,0.844088,2.555769,27.2132,0.793464,2.678173,24.3131,0.667151,2.706689
88,0.008086,0.240052,29.1931,0.848021,2.555496,26.9259,0.803724,2.675753,24.1690,0.678274,2.709498
89,0.008055,0.234019,29.9354,0.845410,2.557029,27.0236,0.794198,2.677201,24.3256,0.671853,2.710637
90,0.008057,0.232529,30.3473,0.853240,2.558837,27.5731,0.812597,2.683393,24.5234,0.682624,2.712430
91,0.008060,0.233936,30.3184,0.851851,2.562698,27.4105,0.806152,2.682913,24.5713,0.683154,2.719291
92,0.008020,0.246926,30.0707,0.853336,2.553446,27.2664,0.801644,2.672304,24.4761,0.683541,2.706250
93,0.007928,0.243869,30.3281,0.851477,2.563562,27.5443,0.807531,2.684065,24.5946,0.682131,2.719903
94,0.007961,0.244227,30.1262,0.847892,2.557029,27.1553,0.795671,2.677448,24.4088,0.673906,2.707416
95,0.007926,0.250561,30.2001,0.850661,2.556305,27.3347,0.804399,2.678224,24.3852,0.676798,2.704326
96,0.007867,0.248675,30.3171,0.852425,2.554762,27.3249,0.804766,2.678132,24.4052,0.676280,2.706493
97,0.007890,0.235125,30.0487,0.845938,2.562208,26.9319,0.787180,2.680786,24.2863,0.664735,2.715446
98,0.007931,0.248193,30.4437,0.852912,2.561591,27.4056,0.800177,2.681834,24.4484,0.676066,2.715498
99,0.007885,0.250847,30.2737,0.851243,2.561925,27.3322,0.804090,2.681825,24.4832,0.677775,2.715367
100,0.007832,0.250733,30.2020,0.846233,2.554435,27.0402,0.789650,2.676886,24.2103,0.662283,2.700720
101,0.007731,0.249522,30.2343,0.851405,2.562411,27.3917,0.800167,2.683308,24.4726,0.674471,2.716380
102,0.007779,0.254429,29.7972,0.846729,2.556020,27.1783,0.796743,2.678628,24.3321,0.674403,2.707787
103,0.007790,0.251887,29.9866,0.846627,2.561857,27.1502,0.788762,2.682997,24.4314,0.669282,2.714887
104,0.007686,0.255698,30.1843,0.849721,2.555969,27.1316,0.795230,2.676336,24.3413,0.668865,2.704327
105,0.007723,0.249600,30.0757,0.847369,2.556352,27.0509,0.785790,2.674740,24.3197,0.665261,2.707591
106,0.007691,0.263786,30.0003,0.847518,2.558578,26.9267,0.788011,2.676477,24.2784,0.665088,2.710437
107,0.007709,0.262383,30.3835,0.851993,2.557104,27.2706,0.797820,2.675443,24.4382,0.674498,2.707165
108,0.007554,0.259655,30.1703,0.849138,2.555341,27.0633,0.790055,2.675056,24.3500,0.667766,2.707177
109,0.007653,0.262848,30.1815,0.852508,2.558993,27.2069,0.795034,2.679569,24.4322,0.672093,2.712048
110,0.007638,0.263204,30.4476,0.854145,2.566392,27.4071,0.803769,2.685420,24.5717,0.680403,2.724838
111,0.007563,0.260302,30.2464,0.850214,2.556380,26.9789,0.793137,2.676593,24.2551,0.667627,2.705170
112,0.007576,0.266110,30.2498,0.849308,2.552278,26.8771,0.785044,2.672208,24.1488,0.660495,2.697266
113,0.007528,0.269653,30.2185,0.849726,2.557071,26.8522,0.780992,2.676351,24.2108,0.658253,2.705699
114,0.007512,0.267761,30.3378,0.850251,2.554313,26.8945,0.783617,2.673114,24.1887,0.661618,2.700791
115,0.007535,0.274428,30.4199,0.856461,2.552921,27.0424,0.799535,2.673589,24.3322,0.675967,2.700718
116,0.007512,0.256740,30.6572,0.858185,2.565428,27.6289,0.807412,2.684777,24.7015,0.686775,2.723829
117,0.007452,0.272349,30.3294,0.854217,2.555373,26.9192,0.791529,2.675748,24.2727,0.668182,2.703447
118,0.007416,0.269830,30.4503,0.853633,2.558676,27.1992,0.795194,2.677667,24.4111,0.672958,2.711867
119,0.007492,0.281737,30.4168,0.856478,2.560570,27.2208,0.800260,2.680000,24.4688,0.678978,2.714906
120,0.007417,0.277050,30.5161,0.857278,2.558607,27.2277,0.800382,2.679104,24.4395,0.675669,2.710911
121,0.007444,0.272663,30.2931,0.854881,2.561233,27.1858,0.793244,2.679252,24.4333,0.671950,2.712220
122,0.007385,0.282837,30.5218,0.854183,2.559324,27.1570,0.792506,2.679130,24.3771,0.667558,2.711003
123,0.007326,0.280457,30.4247,0.857270,2.557731,27.1813,0.799684,2.677851,24.3980,0.675983,2.708401
124,0.007408,0.281333,30.3851,0.857761,2.558200,27.0752,0.797592,2.678394,24.3425,0.674577,2.705891
125,0.007344,0.283306,30.3850,0.854448,2.560867,27.1976,0.796514,2.680970,24.4494,0.672949,2.713375
126,0.007353,0.279576,30.1924,0.846013,2.552151,26.5589,0.770651,2.668300,24.0532,0.654620,2.696351
127,0.007349,0.280469,30.6951,0.859960,2.559238,27.2037,0.800191,2.678670,24.4756,0.678224,2.711398
128,0.007296,0.285197,30.2860,0.850527,2.553001,26.7712,0.778028,2.671433,24.1648,0.659336,2.698859
129,0.007301,0.290457,30.4404,0.853954,2.561020,26.9212,0.787498,2.677567,24.3053,0.666523,2.711456
130,0.007294,0.284990,30.1621,0.848506,2.550143,26.7038,0.779139,2.671813,24.1333,0.658153,2.696503
131,0.007251,0.286710,30.3062,0.857118,2.559187,27.2194,0.799698,2.679268,24.4457,0.677649,2.711629
132,0.007297,0.288138,30.4171,0.859207,2.551107,26.8151,0.791473,2.669474,24.1858,0.669303,2.696967
133,0.007235,0.282257,30.3001,0.849565,2.557833,26.8285,0.779583,2.675051,24.2523,0.661215,2.707135
134,0.007205,0.286943,30.1410,0.854551,2.553283,26.9686,0.790577,2.673409,24.3027,0.668444,2.698971
135,0.007254,0.285636,30.5066,0.858764,2.555663,27.0859,0.795998,2.677421,24.3445,0.673337,2.705928
136,0.007165,0.289469,30.3734,0.854241,2.555337,26.7428,0.788333,2.673736,24.2250,0.665435,2.704068
137,0.007181,0.288424,30.5298,0.854393,2.556719,27.0058,0.788942,2.677333,24.3116,0.665251,2.706110
138,0.007135,0.291546,30.6702,0.861535,2.557599,27.1521,0.798409,2.676215,24.4574,0.677963,2.708693
139,0.007149,0.288558,30.2872,0.856231,2.552585,26.9401,0.791302,2.671464,24.3782,0.674417,2.703909
140,0.007211,0.297594,30.4913,0.855997,2.556335,27.0342,0.788825,2.675557,24.3210,0.668455,2.707545
141,0.007115,0.298761,30.2502,0.855732,2.553539,26.8953,0.789669,2.675231,24.2526,0.668596,2.706731
142,0.007089,0.285941,30.6984,0.862552,2.558881,27.4137,0.804994,2.679181,24.5385,0.683187,2.713337
143,0.007136,0.292111,30.5586,0.857827,2.560518,27.1870,0.797697,2.679572,24.4934,0.678444,2.713575
144,0.007095,0.291240,30.0837,0.852879,2.564030,27.2424,0.796445,2.682695,24.4735,0.673706,2.717775
145,0.007071,0.289413,30.6151,0.857906,2.557360,27.0430,0.790202,2.676480,24.3612,0.670965,2.708039
146,0.007070,0.299563,30.4987,0.856717,2.553112,26.8713,0.788516,2.673165,24.2118,0.664357,2.698876
147,0.007047,0.303102,30.4469,0.856187,2.553096,26.8191,0.789002,2.673574,24.1823,0.664453,2.700592
148,0.007032,0.288765,30.3165,0.853684,2.559267,26.9712,0.790625,2.679324,24.2924,0.667469,2.708008
149,0.007060,0.300902,30.5275,0.859397,2.554024,27.0275,0.794718,2.674163,24.3747,0.673311,2.704214
150,0.007078,0.283927,30.1018,0.853580,2.547887,26.5166,0.774478,2.665019,24.0101,0.657664,2.690911
151,0.007001,0.296898,30.4690,0.858816,2.556402,27.0149,0.792949,2.676367,24.3533,0.670702,2.704596
152,0.007021,0.291664,30.5126,0.859106,2.561434,27.0610,0.790655,2.679988,24.3995,0.673084,2.717178
153,0.006968,0.297446,30.5625,0.857862,2.559038,27.0784,0.787973,2.678516,24.3556,0.667775,2.710777
154,0.006906,0.290341,30.0067,0.854879,2.552044,26.6401,0.781374,2.670676,24.0355,0.659590,2.697536
155,0.007046,0.302262,30.0268,0.852627,2.551340,26.5540,0.777946,2.670165,23.9991,0.654223,2.692241
156,0.006964,0.298150,30.6805,0.859746,2.557564,27.1846,0.795617,2.678575,24.3486,0.671416,2.707519
157,0.006913,0.296860,30.5031,0.856481,2.559481,27.0894,0.790628,2.678970,24.3999,0.669087,2.709887
158,0.006938,0.292446,30.4527,0.857355,2.553471,26.9578,0.789052,2.674136,24.3075,0.668320,2.702582
159,0.006922,0.306616,30.3834,0.855744,2.548528,26.5160,0.776149,2.666219,23.9919,0.655738,2.691103
160,0.006909,0.290876,30.5821,0.861333,2.553033,27.0204,0.794213,2.675127,24.3061,0.672916,2.702818
161,0.006902,0.293525,30.5906,0.857779,2.555599,26.9088,0.787382,2.675629,24.2972,0.667880,2.704416
162,0.006894,0.304986,30.2503,0.856697,2.559193,26.7002,0.780137,2.676955,24.2291,0.661645,2.707719
163,0.006861,0.296945,30.7115,0.862645,2.557283,27.0628,0.796825,2.677545,24.3629,0.672974,2.707997
164,0.006847,0.303123,30.3082,0.853996,2.561498,26.8265,0.777409,2.679059,24.2360,0.659387,2.711054
165,0.006823,0.302025,30.6010,0.860189,2.555546,27.0103,0.789472,2.675369,24.3388,0.670562,2.705234
166,0.006899,0.307702,30.4998,0.856590,2.557993,26.9626,0.787085,2.678064,24.3253,0.667003,2.709912
167,0.006904,0.308583,30.4825,0.857496,2.557875,26.8374,0.781390,2.676231,24.2202,0.661932,2.705260
168,0.006818,0.306638,30.4630,0.860841,2.563503,27.3628,0.800516,2.683543,24.5883,0.681772,2.721604
169,0.006883,0.302463,29.7820,0.856145,2.551016,26.6479,0.782336,2.671356,24.0925,0.665590,2.700766
170,0.006769,0.302604,30.7166,0.861156,2.556703,26.9203,0.787541,2.675264,24.3553,0.670424,2.707330
171,0.006778,0.300692,30.5899,0.860949,2.554802,26.8351,0.787926,2.673566,24.2729,0.668176,2.704254
172,0.006818,0.304273,30.5607,0.861796,2.558214,27.1601,0.796874,2.678696,24.3999,0.672296,2.709251
173,0.006800,0.296789,30.3900,0.861069,2.556973,26.9289,0.790428,2.676030,24.3347,0.669784,2.707299
174,0.006779,0.309878,30.5699,0.858670,2.554647,26.7207,0.782256,2.673967,24.1797,0.662276,2.702410
175,0.006729,0.302388,30.5859,0.857937,2.560032,26.9368,0.783917,2.677737,24.3114,0.663533,2.710584
176,0.006739,0.301105,30.6079,0.859860,2.556855,26.9936,0.789970,2.675987,24.3267,0.669165,2.706405
177,0.006799,0.306280,30.7787,0.864143,2.561158,27.2099,0.798781,2.679712,24.4927,0.677980,2.713826
178,0.006747,0.301021,30.6137,0.858864,2.556746,26.8242,0.783153,2.675941,24.2554,0.663347,2.706111
179,0.006698,0.301384,30.6225,0.862924,2.560780,27.0514,0.795193,2.680045,24.4366,0.675256,2.715546
180,0.006707,0.299854,30.6325,0.860399,2.555108,26.9297,0.791638,2.675514,24.2629,0.666161,2.702503
181,0.006680,0.312389,30.5833,0.857516,2.555590,26.7671,0.779706,2.674057,24.2327,0.661229,2.704037
182,0.006727,0.304151,30.4367,0.855846,2.553545,26.7546,0.777294,2.673205,24.1094,0.652643,2.699515
183,0.006682,0.299899,30.5435,0.859678,2.553902,26.6641,0.780714,2.671909,24.0898,0.657758,2.697540
184,0.006686,0.312897,30.5740,0.860288,2.554925,26.9209,0.786127,2.674243,24.3301,0.667836,2.705139
185,0.006681,0.302849,30.4611,0.861740,2.556368,26.9956,0.792738,2.676263,24.3328,0.671134,2.707966
186,0.006727,0.308299,30.6415,0.859091,2.551961,26.5966,0.778712,2.669164,24.1551,0.660200,2.698113
187,0.006633,0.300992,30.6646,0.859946,2.556151,26.9371,0.787771,2.675007,24.2947,0.666097,2.705027
188,0.006671,0.307961,30.6176,0.860982,2.552440,26.8983,0.790485,2.673337,24.2376,0.668597,2.701577
189,0.006669,0.302858,30.7680,0.862163,2.558243,27.0879,0.791991,2.678808,24.3991,0.672042,2.710601
190,0.006621,0.316233,30.5828,0.859085,2.556075,26.9142,0.784892,2.675957,24.2775,0.664152,2.705581
191,0.006598,0.297619,30.3795,0.854661,2.545199,26.3777,0.773414,2.663950,23.9747,0.652493,2.687352
192,0.006619,0.299430,30.5169,0.862090,2.557007,27.0254,0.793219,2.677204,24.3317,0.672972,2.710059
193,0.006634,0.308698,30.6300,0.861020,2.552468,26.7079,0.783323,2.670576,24.2098,0.665045,2.701642
194,0.006576,0.305700,30.3818,0.854487,2.551730,26.6838,0.774461,2.671110,24.0973,0.653215,2.696566
195,0.006656,0.315166,30.3408,0.859529,2.551428,26.7793,0.783551,2.671513,24.1578,0.661958,2.700565
196,0.006557,0.304771,30.0128,0.856203,2.551685,26.5172,0.776642,2.668906,24.0117,0.658391,2.698558
197,0.006644,0.314924,30.6162,0.860299,2.559307,27.0313,0.788039,2.678941,24.3619,0.667673,2.712034
198,0.006573,0.301894,30.6020,0.863978,2.557420,27.0359,0.795972,2.677819,24.4041,0.674832,2.708504
199,0.006533,0.302187,30.5322,0.859365,2.550289,26.5987,0.779432,2.668579,24.1062,0.659709,2.694620
200,0.006577,0.305642,30.7165,0.862244,2.556428,26.9516,0.791046,2.677475,24.2955,0.668212,2.706770
201,0.006608,0.314844,30.6759,0.862570,2.549674,26.7283,0.786529,2.669068,24.1932,0.665207,2.695643
202,0.006535,0.293943,30.3111,0.858299,2.550169,26.8252,0.784399,2.670243,24.2375,0.664747,2.700124
203,0.006556,0.308547,30.5299,0.861273,2.554916,26.8413,0.785182,2.673944,24.2460,0.664581,2.703852
204,0.006481,0.294633,30.7457,0.862087,2.556662,26.9573,0.789005,2.675227,24.3445,0.668661,2.709041
205,0.006533,0.304459,30.7714,0.864849,2.557166,27.0340,0.794101,2.675617,24.4026,0.673667,2.708781
206,0.006552,0.309532,30.5120,0.858220,2.545760,26.6011,0.778810,2.665820,24.0599,0.656484,2.688624
207,0.006496,0.303997,30.6793,0.862409,2.551603,26.7886,0.786791,2.670818,24.1517,0.662246,2.696107
208,0.006467,0.303557,30.5800,0.862350,2.554025,26.7954,0.786912,2.673060,24.2019,0.665152,2.700973
209,0.006519,0.304181,30.3757,0.856157,2.546838,26.3572,0.768523,2.666195,23.9061,0.647688,2.688089
210,0.006502,0.301276,30.5259,0.857099,2.557301,26.8822,0.780784,2.676300,24.2461,0.660340,2.706060
211,0.006491,0.297436,30.5806,0.859111,2.550519,26.6941,0.780027,2.668855,24.1056,0.657617,2.695692
212,0.006456,0.295256,30.7508,0.863167,2.554078,26.9081,0.790181,2.673175,24.2846,0.668710,2.703261
213,0.006470,0.306657,30.7735,0.864035,2.552084,26.8882,0.789201,2.673080,24.2273,0.666010,2.698889
214,0.006475,0.303236,30.7802,0.866057,2.553996,27.0392,0.795692,2.674353,24.3338,0.673259,2.702598
215,0.006473,0.297407,30.6487,0.862746,2.554304,26.8673,0.788669,2.674204,24.2272,0.665504,2.702244
216,0.006458,0.301115,30.6328,0.861718,2.551841,26.8001,0.786659,2.672952,24.1564,0.661943,2.698137
217,0.006426,0.296423,30.1119,0.856563,2.552021,26.6829,0.778181,2.672027,24.0897,0.656127,2.698033
218,0.006449,0.300446,30.4218,0.859101,2.546141,26.5294,0.778784,2.665933,24.0099,0.656584,2.688614
219,0.006470,0.298829,30.7475,0.863952,2.555846,26.9573,0.792229,2.675885,24.3089,0.670548,2.705680
220,0.006421,0.298428,30.7936,0.864600,2.553604,26.8577,0.786494,2.673485,24.2474,0.666315,2.701849
221,0.006407,0.300395,30.6192,0.861849,2.555951,26.9299,0.789384,2.675920,24.2609,0.667637,2.705354
222,0.006430,0.299192,30.6766,0.860697,2.556968,26.8793,0.781461,2.676016,24.2461,0.660537,2.706043
223,0.006416,0.291273,30.6554,0.861562,2.554284,26.8311,0.783871,2.673414,24.2026,0.663083,2.703041
224,0.006408,0.295954,30.7387,0.861960,2.556747,27.0045,0.788454,2.676951,24.2773,0.665593,2.706640
225,0.006405,0.305983,30.6927,0.863618,2.551053,26.8364,0.786173,2.671699,24.2035,0.664416,2.699230
226,0.006421,0.296299,30.7355,0.863349,2.553585,26.9536,0.791082,2.674750,24.2728,0.668183,2.701789
227,0.006370,0.292557,30.5222,0.858860,2.544861,26.5110,0.775791,2.665127,23.9636,0.652812,2.685687
228,0.006403,0.294952,30.5987,0.862092,2.551987,26.8822,0.787593,2.673416,24.1913,0.663923,2.700300
229,0.006372,0.293387,30.4726,0.860275,2.549982,26.9894,0.790231,2.671850,24.2751,0.668967,2.700173
230,0.006375,0.298503,30.4296,0.858539,2.549493,26.7290,0.781754,2.671699,24.0718,0.657325,2.694820
231,0.006372,0.286316,30.7832,0.863506,2.556680,26.9970,0.789305,2.677208,24.2914,0.666268,2.706814
232,0.006354,0.292807,30.5440,0.861353,2.551901,26.8241,0.783966,2.672368,24.1943,0.662819,2.700739
233,0.006394,0.295644,30.7143,0.862071,2.555947,26.9356,0.788611,2.676138,24.2774,0.666540,2.705421
234,0.006333,0.286792,30.6873,0.863153,2.553238,26.8203,0.784562,2.673160,24.1974,0.663475,2.700664
235,0.006349,0.289461,30.6575,0.862964,2.554943,26.8687,0.784787,2.674300,24.2509,0.663831,2.702509
236,0.006356,0.303151,30.6696,0.861900,2.552365,26.8042,0.782826,2.672816,24.1580,0.660721,2.698636
237,0.006343,0.289439,30.6467,0.860859,2.554199,26.9313,0.784828,2.674156,24.2410,0.662114,2.702862
238,0.006335,0.287217,30.6210,0.860481,2.551857,26.8767,0.782801,2.673096,24.1836,0.660901,2.698671
239,0.006349,0.290046,30.5516,0.863011,2.550333,26.7576,0.787767,2.670970,24.1381,0.664404,2.696390
240,0.006316,0.294547,30.7474,0.866843,2.548083,26.8953,0.793278,2.670259,24.1876,0.668841,2.694234
241,0.006384,0.297376,30.7202,0.863466,2.552512,26.8709,0.786945,2.672816,24.1988,0.664204,2.700172
242,0.006280,0.286815,30.6965,0.861993,2.550244,26.7430,0.781685,2.670904,24.0958,0.658919,2.695370
243,0.006304,0.286461,30.5239,0.860815,2.547781,26.6907,0.781098,2.668467,24.0844,0.660381,2.691502
244,0.006308,0.284477,30.6748,0.863326,2.551281,26.9347,0.789020,2.673004,24.2570,0.666322,2.699330
245,0.006323,0.281095,30.7024,0.865431,2.550912,27.0352,0.794055,2.673787,24.2415,0.668194,2.698424
246,0.006282,0.288432,30.7769,0.864512,2.555583,27.0436,0.790403,2.676699,24.2897,0.666988,2.704700
247,0.006307,0.288154,30.6088,0.860122,2.553055,26.7854,0.779297,2.673391,24.1325,0.657819,2.699666
248,0.006315,0.285087,30.7317,0.864253,2.557534,27.0972,0.791002,2.678728,24.3552,0.667919,2.707536
249,0.006291,0.282174,30.5328,0.864098,2.551406,26.8006,0.787186,2.671717,24.1816,0.665889,2.698421
250,0.006279,0.279483,30.6776,0.861720,2.552948,26.8169,0.782299,2.673352,24.1441,0.658972,2.698777
251,0.006256,0.281653,30.7307,0.862350,2.552900,26.8730,0.783247,2.672684,24.1919,0.661098,2.699295
252,0.006267,0.286965,30.7191,0.861959,2.555853,26.9039,0.784576,2.676069,24.1957,0.661499,2.703305
253,0.006281,0.287751,30.9458,0.868213,2.556869,27.1682,0.796442,2.676915,24.4276,0.675644,2.708927
254,0.006294,0.285665,30.7800,0.864202,2.554357,26.9649,0.788698,2.675356,24.2645,0.666875,2.703046
255,0.006251,0.276770,30.7593,0.863997,2.555056,26.8544,0.786032,2.673948,24.2267,0.663586,2.703486
256,0.006244,0.279593,30.7474,0.862978,2.555181,26.9946,0.787772,2.675833,24.2639,0.664671,2.704125
257,0.006242,0.279084,30.7189,0.863845,2.553327,26.9683,0.789617,2.674680,24.2586,0.666559,2.701435
258,0.006234,0.276424,30.6370,0.861810,2.557762,26.8992,0.783890,2.676895,24.2099,0.661985,2.704978
259,0.006239,0.281339,30.6213,0.861719,2.553943,26.8562,0.783830,2.673983,24.1717,0.660926,2.700862
260,0.006278,0.282198,30.7810,0.864491,2.554291,26.9003,0.786422,2.674211,24.2731,0.667235,2.702447
261,0.006236,0.276299,30.6928,0.861432,2.554565,26.9161,0.783608,2.675777,24.2183,0.660973,2.701714
262,0.006228,0.279674,30.8663,0.866636,2.555601,27.0501,0.791785,2.675568,24.3184,0.669429,2.704961
263,0.006224,0.273114,30.8383,0.865733,2.555665,27.0413,0.791153,2.676086,24.2902,0.668813,2.704687
264,0.006273,0.285745,30.6606,0.861580,2.552455,26.8743,0.783970,2.674218,24.1653,0.659334,2.697292
265,0.006215,0.275021,30.4510,0.860309,2.548305,26.7082,0.781319,2.668393,24.0753,0.658562,2.692242
266,0.006207,0.281808,30.7736,0.864652,2.554969,26.9758,0.789883,2.675761,24.2258,0.665608,2.701736
267,0.006189,0.271310,30.7181,0.864538,2.553806,26.8872,0.787911,2.674085,24.1985,0.663355,2.700336
268,0.006194,0.271652,30.7655,0.863823,2.555965,26.9659,0.786888,2.676240,24.2715,0.665469,2.704773
269,0.006191,0.280706,30.4992,0.859588,2.550878,26.7011,0.777711,2.670951,24.0789,0.655639,2.696115
270,0.006204,0.277362,30.7134,0.864004,2.550826,26.8876,0.788789,2.672449,24.1866,0.663126,2.697053
271,0.006190,0.275252,30.7208,0.863470,2.553322,26.9361,0.787459,2.675038,24.2549,0.666156,2.702835
272,0.006211,0.278790,30.7024,0.864490,2.550403,26.7463,0.784536,2.670763,24.0793,0.661226,2.693589
273,0.006177,0.273611,30.5943,0.863304,2.554210,26.8472,0.784691,2.675235,24.1634,0.660245,2.699347
274,0.006184,0.272612,30.7001,0.863925,2.550544,26.8719,0.785797,2.672590,24.1557,0.661333,2.695260
275,0.006166,0.268074,30.5892,0.862476,2.548258,26.6986,0.783258,2.668755,24.0661,0.659673,2.691722
276,0.006185,0.276336,30.6277,0.865358,2.556135,27.0381,0.792514,2.676837,24.3384,0.671724,2.708918
277,0.006159,0.277807,30.6275,0.861699,2.549581,26.6948,0.780833,2.670070,24.0719,0.658111,2.692826
278,0.006152,0.270711,30.7170,0.863564,2.551009,26.8581,0.785630,2.672178,24.1531,0.659885,2.694725
279,0.006160,0.275537,30.3196,0.863172,2.556525,26.9590,0.789363,2.678208,24.2105,0.664183,2.704242
280,0.006164,0.269943,30.6818,0.863149,2.550805,26.7870,0.785576,2.671760,24.1162,0.660377,2.695554
281,0.006139,0.267778,30.6567,0.861254,2.552822,26.8390,0.782030,2.673442,24.1649,0.660774,2.699890
282,0.006169,0.274570,30.7893,0.867085,2.552838,27.0111,0.793846,2.674828,24.2414,0.668784,2.698966
283,0.006139,0.267972,30.7671,0.863729,2.553044,26.9148,0.786715,2.674461,24.1536,0.660840,2.698051
284,0.006141,0.263402,30.6734,0.862340,2.550598,26.7299,0.782494,2.671246,24.0971,0.658753,2.694226
285,0.006155,0.285170,30.7390,0.866875,2.553467,26.9428,0.791886,2.674460,24.2177,0.667747,2.700742
286,0.006127,0.276560,30.6748,0.861343,2.552674,26.7951,0.780203,2.672571,24.1475,0.658455,2.698353
287,0.006141,0.277330,30.6384,0.860473,2.549141,26.6358,0.778152,2.668770,24.0028,0.652937,2.691155
288,0.006129,0.277257,30.6892,0.864435,2.551075,26.8165,0.786230,2.672236,24.1285,0.662738,2.696854
289,0.006127,0.274607,30.8032,0.865760,2.552194,26.9311,0.788878,2.672866,24.2257,0.665862,2.699333
290,0.006107,0.256982,30.7334,0.862981,2.551753,26.7545,0.782104,2.671677,24.1597,0.659920,2.697922
291,0.006126,0.271905,30.6872,0.862749,2.551335,26.8215,0.782736,2.671889,24.1312,0.659341,2.696145
292,0.006126,0.264771,30.6875,0.863755,2.549349,26.7065,0.781476,2.669976,24.0565,0.657290,2.691567
293,0.006118,0.267286,30.7814,0.864993,2.550908,26.8299,0.787494,2.671303,24.1453,0.662145,2.694707
294,0.006110,0.265127,30.6758,0.864007,2.552235,26.8093,0.785523,2.672926,24.1409,0.660968,2.696541
295,0.006092,0.271952,30.6867,0.863240,2.547965,26.6383,0.782162,2.668057,24.0321,0.657498,2.689031
296,0.006108,0.269278,30.5461,0.860604,2.549839,26.7209,0.779779,2.670305,24.0722,0.655995,2.693755
297,0.006104,0.274934,30.7363,0.863484,2.552259,26.8270,0.783982,2.672724,24.1670,0.661662,2.697590
298,0.006110,0.271411,30.7197,0.863355,2.553520,26.8237,0.783778,2.673645,24.1706,0.661464,2.699097
299,0.006092,0.269146,30.6345,0.862297,2.553831,26.8140,0.783097,2.674153,24.1438,0.659289,2.698656
300,0.006089,0.275407,30.8353,0.866420,2.556442,27.0244,0.792469,2.677398,24.2605,0.668343,2.704804
301,0.006088,0.260735,30.5137,0.862603,2.549662,26.6628,0.783501,2.669590,24.0468,0.660033,2.692516
302,0.006092,0.261135,30.7161,0.862744,2.550848,26.7447,0.780586,2.670440,24.0943,0.657746,2.694068
303,0.006065,0.267639,30.6874,0.862770,2.550130,26.7196,0.781157,2.670347,24.0784,0.658618,2.693298
304,0.006067,0.265902,30.6711,0.861613,2.548680,26.6729,0.779570,2.669109,24.0350,0.654877,2.689250
305,0.006088,0.264521,30.7353,0.863187,2.552476,26.8225,0.784875,2.672447,24.1567,0.661979,2.697428
306,0.006071,0.265344,30.6697,0.861406,2.551842,26.8116,0.781029,2.672405,24.1093,0.656757,2.695509
307,0.006072,0.269432,30.7282,0.863916,2.549343,26.7186,0.784140,2.670464,24.0576,0.659258,2.690855
308,0.006063,0.265062,30.7477,0.864147,2.549266,26.7764,0.784281,2.670885,24.1042,0.660238,2.692236
309,0.006068,0.265852,30.7375,0.862733,2.555245,26.8565,0.784051,2.674950,24.1950,0.661217,2.701896
310,0.006051,0.264810,30.8335,0.865340,2.554335,26.9261,0.787553,2.673742,24.2574,0.666355,2.700774
311,0.006058,0.266383,30.5176,0.861966,2.548345,26.6201,0.778454,2.667901,24.0178,0.655575,2.689737
312,0.006039,0.258371,30.7746,0.864473,2.552799,26.8428,0.785617,2.672806,24.1736,0.663068,2.697379
313,0.006055,0.268842,30.6962,0.862310,2.551238,26.7646,0.783069,2.671783,24.1316,0.658830,2.694570
314,0.006052,0.268818,30.7720,0.864024,2.551906,26.8198,0.783471,2.672277,24.1726,0.661739,2.697269
315,0.006046,0.266034,30.6043,0.862040,2.546441,26.5899,0.778144,2.667227,23.9843,0.653416,2.687490
316,0.006031,0.266646,30.6738,0.862871,2.548695,26.6501,0.782159,2.669477,24.0276,0.656248,2.688675
317,0.006038,0.267709,30.8193,0.865434,2.554294,26.9266,0.788169,2.675435,24.2287,0.664713,2.700776
318,0.006035,0.269242,30.7272,0.862613,2.552511,26.8099,0.784375,2.672907,24.1309,0.658828,2.695755
319,0.006034,0.258317,30.7671,0.864538,2.552018,26.8449,0.785711,2.672701,24.1787,0.662467,2.696424
320,0.006018,0.257485,30.7181,0.864096,2.551156,26.7544,0.784120,2.671941,24.0826,0.658898,2.693622
321,0.006024,0.267270,30.7113,0.863835,2.552598,26.7827,0.783279,2.672296,24.1442,0.660383,2.696194
322,0.006025,0.260094,30.7438,0.863590,2.552241,26.7485,0.781965,2.671658,24.1357,0.659656,2.695942
323,0.006018,0.265303,30.6558,0.862363,2.547115,26.5902,0.779818,2.667640,23.9903,0.655141,2.687284
324,0.006013,0.258734,30.8194,0.865965,2.554126,26.8813,0.788496,2.673702,24.1981,0.665163,2.698932
325,0.006014,0.256617,30.5932,0.861710,2.549365,26.6129,0.779715,2.668691,24.0251,0.656327,2.691117
326,0.006008,0.264552,30.8006,0.864613,2.553887,26.8749,0.786504,2.674283,24.1919,0.662632,2.698914
327,0.006003,0.261687,30.7390,0.864417,2.550134,26.7526,0.784947,2.670805,24.1020,0.660991,2.693468
328,0.005996,0.251994,30.7324,0.863788,2.549765,26.6689,0.781650,2.669828,24.0610,0.658628,2.691371
329,0.006007,0.266175,30.7027,0.862480,2.549718,26.6430,0.779133,2.669837,24.0392,0.655856,2.691628
330,0.005988,0.259179,30.6960,0.862288,2.550875,26.6937,0.779985,2.670394,24.0783,0.656312,2.693498
331,0.005983,0.261773,30.7035,0.862275,2.552845,26.7138,0.779268,2.672000,24.1316,0.657973,2.697397
332,0.006004,0.261048,30.7296,0.863225,2.553057,26.7953,0.783648,2.673448,24.1077,0.659320,2.695751
333,0.005974,0.261427,30.7485,0.864133,2.550304,26.7221,0.782499,2.670127,24.1193,0.660591,2.694054
334,0.005992,0.260204,30.7380,0.863766,2.553516,26.7898,0.783453,2.672756,24.1481,0.661272,2.697465
335,0.005983,0.263400,30.7545,0.864718,2.551935,26.8740,0.787918,2.672331,24.1927,0.664460,2.697250
336,0.005975,0.260808,30.8126,0.865072,2.554080,26.8984,0.786971,2.674682,24.2037,0.663635,2.699091
337,0.005978,0.257782,30.7599,0.863733,2.554302,26.8467,0.783197,2.674031,24.1766,0.661614,2.699176
338,0.005976,0.258297,30.5923,0.862392,2.550617,26.6609,0.780423,2.670191,24.0674,0.658371,2.693303
339,0.005949,0.258080,30.7719,0.864525,2.551746,26.7394,0.785014,2.671795,24.1212,0.661643,2.695485
340,0.005965,0.262732,30.7821,0.866100,2.553266,26.8828,0.789023,2.673383,24.2038,0.665601,2.698495
341,0.005957,0.261692,30.6709,0.861419,2.550200,26.6269,0.777361,2.669605,24.0291,0.654562,2.690739
342,0.005966,0.256245,30.6938,0.862901,2.551662,26.7888,0.783089,2.671890,24.1246,0.659809,2.695931
343,0.005957,0.265355,30.6845,0.862448,2.549751,26.6736,0.780743,2.669666,24.0676,0.657288,2.691421
344,0.005955,0.253848,30.7452,0.864271,2.550420,26.7486,0.783084,2.670227,24.1341,0.660111,2.693790
345,0.005956,0.257608,30.7091,0.863628,2.548928,26.6864,0.781919,2.669357,24.0650,0.657971,2.690626
346,0.005937,0.254748,30.7752,0.864408,2.552726,26.7390,0.781786,2.671821,24.1613,0.661632,2.697721
347,0.005947,0.250349,30.7471,0.864099,2.549293,26.6965,0.782571,2.669937,24.0880,0.659690,2.691251
348,0.005941,0.267147,30.7383,0.863623,2.553613,26.8005,0.783387,2.673118,24.1630,0.660977,2.697848
349,0.005941,0.257323,30.7210,0.863337,2.550957,26.7265,0.783403,2.670916,24.0973,0.659144,2.692785
350,0.005939,0.257664,30.8171,0.865484,2.553915,26.9557,0.789706,2.674571,24.2498,0.666470,2.700470
351,0.005936,0.260823,30.7010,0.862445,2.551458,26.7342,0.780911,2.671691,24.0895,0.657688,2.694221
352,0.005941,0.266033,30.8084,0.865776,2.552005,26.8473,0.787194,2.672080,24.1852,0.665007,2.696971
353,0.005928,0.263475,30.6494,0.861852,2.549919,26.5810,0.776668,2.668682,24.0407,0.655276,2.691349
354,0.005924,0.252008,30.7191,0.864991,2.551416,26.7365,0.784864,2.670182,24.1290,0.662746,2.694655
355,0.005920,0.257967,30.7719,0.864766,2.552818,26.8432,0.787503,2.672839,24.1688,0.663596,2.697727
356,0.005916,0.255657,30.7417,0.864099,2.551131,26.7500,0.784064,2.671493,24.1219,0.661387,2.694183
357,0.005927,0.260042,30.7286,0.864134,2.551521,26.7644,0.783396,2.671598,24.0924,0.659414,2.693299
358,0.005912,0.258457,30.7780,0.864197,2.553542,26.7982,0.784058,2.672774,24.1669,0.662108,2.697864
359,0.005918,0.256896,30.8086,0.865668,2.554768,26.8686,0.787984,2.674559,24.2232,0.665355,2.699392
360,0.005914,0.261217,30.7240,0.863378,2.550399,26.6745,0.781095,2.669541,24.0926,0.659236,2.692570
361,0.005903,0.252028,30.8113,0.865903,2.554338,26.8745,0.788317,2.674155,24.2133,0.665820,2.699536
362,0.005899,0.255919,30.6998,0.862588,2.550030,26.6250,0.779206,2.669248,24.0292,0.656498,2.690637
363,0.005905,0.259972,30.7362,0.863672,2.550295,26.6962,0.781616,2.670272,24.1024,0.659904,2.693072
364,0.005898,0.257385,30.8142,0.865567,2.552211,26.8543,0.787252,2.672497,24.1781,0.663982,2.696211
365,0.005896,0.258195,30.7271,0.863198,2.552778,26.7339,0.782830,2.671907,24.0727,0.657701,2.694302
366,0.005897,0.257463,30.7457,0.864616,2.551453,26.7730,0.785736,2.671320,24.1210,0.661921,2.694654
367,0.005889,0.255565,30.7225,0.862989,2.550700,26.6819,0.781293,2.670032,24.0758,0.658158,2.692221
368,0.005892,0.258150,30.6968,0.864443,2.551636,26.7607,0.785030,2.670927,24.1057,0.661247,2.695527
369,0.005880,0.255917,30.7180,0.862608,2.552671,26.6968,0.779526,2.671965,24.0998,0.657966,2.695509
370,0.005883,0.258556,30.7951,0.865178,2.553152,26.8289,0.786533,2.672884,24.1791,0.663529,2.696603
371,0.005888,0.263416,30.7656,0.864183,2.552516,26.7557,0.784256,2.672206,24.1197,0.661170,2.694543
372,0.005870,0.257029,30.7970,0.865293,2.552689,26.8384,0.786926,2.672493,24.1696,0.664365,2.696470
373,0.005876,0.246109,30.7858,0.864893,2.552569,26.8001,0.786124,2.672135,24.1549,0.663449,2.696007
374,0.005877,0.260002,30.7852,0.865055,2.552570,26.8121,0.786576,2.672320,24.1429,0.662662,2.696004
375,0.005874,0.254987,30.8161,0.865718,2.551235,26.7919,0.785972,2.670956,24.1335,0.663115,2.693876
376,0.005874,0.255535,30.7012,0.862838,2.550748,26.6565,0.780886,2.669927,24.0510,0.657486,2.691929
377,0.005864,0.258888,30.7150,0.863632,2.549271,26.6283,0.780514,2.668451,24.0360,0.658397,2.689930
378,0.005867,0.259238,30.7963,0.864955,2.551946,26.7653,0.784945,2.671293,24.1358,0.662634,2.694737
379,0.005856,0.254401,30.7067,0.863090,2.549898,26.6639,0.780372,2.669992,24.0429,0.656719,2.690877
380,0.005865,0.256709,30.8300,0.865963,2.553994,26.8715,0.788371,2.673907,24.2029,0.665295,2.699032
381,0.005855,0.248013,30.6370,0.860889,2.548712,26.5182,0.774850,2.667691,23.9503,0.651355,2.686816
382,0.005864,0.262745,30.7541,0.864230,2.550035,26.7030,0.782494,2.669717,24.0781,0.659418,2.691089
383,0.005849,0.257486,30.7707,0.864067,2.553273,26.7577,0.783044,2.672712,24.1273,0.660529,2.696507
384,0.005856,0.253966,30.7664,0.864340,2.551935,26.7089,0.782870,2.671083,24.0832,0.659750,2.693267
385,0.005853,0.253953,30.7233,0.863546,2.550102,26.6496,0.780173,2.669370,24.0565,0.657759,2.691095
386,0.005847,0.265300,30.7515,0.864161,2.550938,26.7421,0.783514,2.670736,24.0970,0.659626,2.692313
387,0.005837,0.254825,30.7145,0.862953,2.550927,26.7060,0.780917,2.670408,24.0716,0.657438,2.692601
388,0.005842,0.253292,30.7422,0.863932,2.549833,26.7188,0.783201,2.669623,24.0573,0.658610,2.690330
389,0.005843,0.257405,30.7444,0.863902,2.550538,26.7331,0.783796,2.670864,24.0696,0.659113,2.691889
390,0.005839,0.257295,30.7285,0.863435,2.551533,26.6756,0.780796,2.670669,24.0698,0.658053,2.693174
391,0.005845,0.255170,30.8081,0.865594,2.552104,26.8233,0.787339,2.672131,24.1403,0.663585,2.694676
392,0.005838,0.257609,30.7121,0.863385,2.550060,26.7008,0.781838,2.669889,24.0483,0.657487,2.690575
393,0.005832,0.258434,30.7751,0.864733,2.551739,26.7692,0.785509,2.671801,24.1170,0.661334,2.693915
394,0.005837,0.254024,30.8231,0.866080,2.552245,26.8289,0.787801,2.671961,24.1622,0.664542,2.695732
395,0.005836,0.250424,30.7580,0.864979,2.550046,26.7283,0.784837,2.669546,24.0922,0.661193,2.691279
396,0.005828,0.258780,30.7113,0.863014,2.549918,26.6342,0.779804,2.669090,24.0262,0.656631,2.690057
397,0.005829,0.257999,30.7834,0.864793,2.553232,26.7927,0.785506,2.672184,24.1477,0.662489,2.696542
398,0.005828,0.260143,30.7787,0.864963,2.551629,26.7180,0.783410,2.670744,24.0995,0.660910,2.693405
399,0.005825,0.255796,30.7264,0.863304,2.551487,26.6740,0.780800,2.670725,24.0707,0.658239,2.692828
400,0.005821,0.249354,30.7393,0.863871,2.550213,26.6779,0.781490,2.669706,24.0761,0.658857,2.691666
401,0.005824,0.264772,30.7474,0.863942,2.550915,26.6802,0.781732,2.670090,24.0823,0.659402,2.692205
402,0.005818,0.256667,30.7669,0.864368,2.550844,26.7367,0.783324,2.670528,24.0984,0.659801,2.692435
403,0.005817,0.256687,30.7353,0.863786,2.549593,26.6619,0.781075,2.669136,24.0344,0.657115,2.689762
404,0.005811,0.257577,30.7919,0.865124,2.551428,26.7911,0.785721,2.671455,24.1253,0.661895,2.693850
405,0.005813,0.245161,30.7643,0.864350,2.551674,26.7566,0.784358,2.671279,24.1185,0.661181,2.694244
406,0.005815,0.262960,30.7620,0.864247,2.550871,26.6773,0.782513,2.670272,24.0808,0.659519,2.691923
407,0.005804,0.256753,30.7692,0.865375,2.549178,26.6658,0.783859,2.668862,24.0630,0.660207,2.690033
408,0.005806,0.255523,30.7118,0.863326,2.549624,26.5964,0.779338,2.668614,23.9968,0.655780,2.689020
409,0.005805,0.251106,30.7160,0.863348,2.550203,26.6967,0.781032,2.670130,24.0472,0.657408,2.690727
410,0.005802,0.250851,30.7224,0.863190,2.551339,26.6586,0.780271,2.670115,24.0469,0.657240,2.691048
411,0.005810,0.262809,30.7166,0.863001,2.550763,26.6522,0.780000,2.670102,24.0346,0.655980,2.690705
412,0.005803,0.259070,30.7719,0.864615,2.551877,26.7246,0.784019,2.670834,24.1038,0.661003,2.693984
413,0.005804,0.254770,30.7309,0.863553,2.549782,26.6462,0.780965,2.668845,24.0516,0.658082,2.689951
414,0.005800,0.256049,30.7424,0.864303,2.550800,26.6832,0.782670,2.670137,24.0675,0.659958,2.692567
415,0.005797,0.250102,30.7289,0.863659,2.549094,26.6043,0.779371,2.668155,24.0184,0.656822,2.688955
416,0.005798,0.261822,30.7182,0.863699,2.548480,26.5654,0.779516,2.667773,23.9863,0.655957,2.686850
417,0.005795,0.256131,30.7856,0.864928,2.551556,26.7876,0.785591,2.671640,24.1060,0.660770,2.692950
418,0.005793,0.252187,30.6951,0.862767,2.549847,26.6295,0.779295,2.668746,23.9960,0.655156,2.688939
419,0.005788,0.261120,30.7793,0.864626,2.552205,26.7414,0.783366,2.671143,24.1245,0.661691,2.694993
420,0.005787,0.252316,30.7165,0.863829,2.550329,26.6845,0.782246,2.670223,24.0375,0.657433,2.690690
421,0.005796,0.251889,30.7306,0.863565,2.550590,26.6603,0.781584,2.669893,24.0480,0.657850,2.691079
422,0.005790,0.257717,30.7703,0.864703,2.550613,26.7087,0.783086,2.670024,24.0805,0.660291,2.691462
423,0.005787,0.254261,30.7130,0.863011,2.550782,26.6962,0.782333,2.670303,24.0333,0.657319,2.690934
424,0.005790,0.256504,30.7065,0.862903,2.550339,26.6438,0.780111,2.669507,24.0281,0.656669,2.690007
425,0.005783,0.260162,30.7352,0.863906,2.550249,26.6577,0.781798,2.669699,24.0316,0.657854,2.689884
426,0.005783,0.256531,30.7513,0.864263,2.550194,26.6858,0.783237,2.669763,24.0541,0.659183,2.689972
427,0.005780,0.255915,30.7085,0.863126,2.551135,26.5893,0.778242,2.669274,24.0502,0.657595,2.692370
428,0.005773,0.259131,30.7341,0.863905,2.549836,26.6779,0.782160,2.669596,24.0354,0.657912,2.689767
429,0.005775,0.251474,30.7234,0.863666,2.549571,26.6285,0.780872,2.668719,24.0215,0.657461,2.689203
430,0.005774,0.256021,30.7077,0.863195,2.549951,26.6487,0.781266,2.669443,24.0082,0.656531,2.689489
431,0.005778,0.252643,30.7087,0.862927,2.550064,26.6747,0.780910,2.669761,24.0256,0.656369,2.689943
432,0.005775,0.254622,30.7393,0.863985,2.551387,26.7324,0.783571,2.670718,24.0833,0.659840,2.692554
433,0.005770,0.252524,30.7377,0.864161,2.549548,26.6475,0.782346,2.669391,24.0255,0.658071,2.689171
434,0.005774,0.257203,30.7701,0.864594,2.551500,26.7096,0.783031,2.670447,24.0735,0.659775,2.692214
435,0.005774,0.251359,30.7118,0.863241,2.550010,26.6487,0.780703,2.669542,24.0248,0.657101,2.689645
436,0.005774,0.255870,30.8030,0.865376,2.552973,26.8044,0.786190,2.672435,24.1460,0.662931,2.695635
437,0.005767,0.258910,30.7581,0.864251,2.551096,26.7034,0.783140,2.670261,24.0654,0.659204,2.691576
438,0.005772,0.257557,30.7233,0.863147,2.551015,26.6566,0.780065,2.670109,24.0397,0.656716,2.691625
439,0.005772,0.262288,30.7543,0.864138,2.551411,26.7192,0.782383,2.670587,24.0822,0.659507,2.692011
440,0.005763,0.256655,30.7318,0.863795,2.550371,26.6701,0.781905,2.669854,24.0438,0.658184,2.690474
441,0.005766,0.254564,30.7026,0.862936,2.549501,26.6331,0.780720,2.669203,24.0065,0.656088,2.688435
442,0.005762,0.260745,30.7154,0.863238,2.550297,26.6267,0.779974,2.669600,24.0129,0.656197,2.689656
443,0.005762,0.250672,30.7206,0.863528,2.549375,26.6047,0.780296,2.668881,24.0148,0.656910,2.689051
444,0.005761,0.260454,30.7739,0.864959,2.550588,26.7150,0.783923,2.670133,24.0697,0.660258,2.691582
445,0.005758,0.258790,30.7506,0.864187,2.550478,26.6549,0.781732,2.669658,24.0562,0.658900,2.690598
446,0.005763,0.254766,30.7408,0.863669,2.551814,26.7381,0.783254,2.671249,24.0776,0.659283,2.692786
447,0.005761,0.260504,30.7509,0.864149,2.550861,26.6903,0.782652,2.670240,24.0666,0.659131,2.691500
448,0.005757,0.251954,30.7457,0.863921,2.551466,26.7218,0.782972,2.670949,24.0642,0.658950,2.691620
449,0.005756,0.252999,30.7093,0.863021,2.550046,26.6480,0.780568,2.669552,24.0246,0.656645,2.690196
450,0.005751,0.258479,30.7522,0.864062,2.550973,26.7057,0.783180,2.670743,24.0701,0.659340,2.691858
451,0.005748,0.248445,30.7441,0.864125,2.550159,26.6415,0.781619,2.669191,24.0475,0.658687,2.690407
452,0.005754,0.253227,30.7312,0.863584,2.550938,26.6727,0.781540,2.670275,24.0544,0.658186,2.691311
453,0.005754,0.251301,30.7289,0.863651,2.550233,26.6612,0.781098,2.669579,24.0386,0.657640,2.690154
454,0.005754,0.258868,30.7607,0.864250,2.551375,26.7124,0.782650,2.670659,24.0814,0.659534,2.692465
455,0.005749,0.260168,30.7284,0.863667,2.549944,26.6453,0.781303,2.669336,24.0266,0.657415,2.689761
456,0.005748,0.250114,30.7390,0.863776,2.550713,26.6902,0.782166,2.669920,24.0532,0.658748,2.690972
457,0.005749,0.260584,30.7357,0.863829,2.549682,26.6370,0.780889,2.669121,24.0256,0.657111,2.689072
458,0.005752,0.249246,30.7459,0.863977,2.550435,26.6722,0.781770,2.669889,24.0467,0.658050,2.690810
459,0.005751,0.251560,30.7346,0.863891,2.549261,26.6248,0.780849,2.668652,24.0170,0.657349,2.688404
460,0.005748,0.262525,30.7402,0.863786,2.550693,26.6989,0.782608,2.670351,24.0519,0.658389,2.691244
461,0.005747,0.257185,30.7427,0.863958,2.550529,26.7108,0.783315,2.670413,24.0505,0.658424,2.690612
462,0.005751,0.251685,30.7490,0.864261,2.550149,26.7014,0.783336,2.670063,24.0449,0.658294,2.690070
463,0.005748,0.262635,30.7462,0.864091,2.550085,26.6708,0.782100,2.669779,24.0396,0.657922,2.690242
464,0.005746,0.259034,30.7574,0.864425,2.550689,26.7085,0.783735,2.670436,24.0582,0.659210,2.690907
465,0.005746,0.255339,30.7391,0.863913,2.550552,26.6419,0.781044,2.669521,24.0464,0.658507,2.690675
466,0.005745,0.255459,30.7529,0.864366,2.549981,26.6919,0.783581,2.670146,24.0277,0.658033,2.690076
467,0.005748,0.251039,30.7473,0.864083,2.550546,26.7031,0.783127,2.670370,24.0397,0.658111,2.690178
468,0.005747,0.260638,30.7649,0.864523,2.550944,26.6914,0.783044,2.670456,24.0715,0.659683,2.692077
469,0.005742,0.261328,30.7435,0.864029,2.550532,26.6853,0.783053,2.670051,24.0428,0.658375,2.690208
470,0.005742,0.251751,30.7424,0.864021,2.550604,26.6868,0.783073,2.670274,24.0539,0.658793,2.690887
471,0.005742,0.252696,30.7450,0.863940,2.550596,26.6647,0.781752,2.669600,24.0378,0.657859,2.689769
472,0.005741,0.252016,30.7520,0.864316,2.550114,26.6667,0.781960,2.669305,24.0284,0.657856,2.689332
473,0.005744,0.249277,30.7380,0.863874,2.550077,26.6443,0.781311,2.669391,24.0389,0.657864,2.689758
474,0.005745,0.251187,30.7484,0.864102,2.550673,26.6704,0.782042,2.669760,24.0560,0.658938,2.691103
475,0.005743,0.265358,30.7625,0.864430,2.550891,26.6981,0.782994,2.670354,24.0660,0.659314,2.691234
476,0.005741,0.253424,30.7456,0.863969,2.551046,26.6921,0.783017,2.670151,24.0590,0.659024,2.691120
477,0.005744,0.259706,30.7332,0.863859,2.550240,26.6359,0.781102,2.669466,24.0384,0.658070,2.690064
478,0.005741,0.258302,30.7361,0.863765,2.550547,26.6598,0.781364,2.669899,24.0344,0.657503,2.690500
479,0.005742,0.259081,30.7391,0.863927,2.550141,26.6349,0.781133,2.669491,24.0166,0.656817,2.689470
480,0.005738,0.258838,30.7477,0.864198,2.549987,26.6329,0.780897,2.669448,24.0240,0.657235,2.689692
481,0.005740,0.264050,30.7425,0.863957,2.550370,26.6612,0.781800,2.669739,24.0395,0.658032,2.689958
482,0.005740,0.256072,30.7340,0.863748,2.550139,26.6442,0.781156,2.669582,24.0326,0.657465,2.689909
483,0.005738,0.259632,30.7734,0.864738,2.550948,26.6912,0.782983,2.670272,24.0763,0.660206,2.691648
484,0.005738,0.253794,30.7460,0.864041,2.550464,26.7065,0.783659,2.670246,24.0468,0.658399,2.690197
485,0.005740,0.259043,30.7325,0.863706,2.550522,26.6546,0.781801,2.669852,24.0410,0.657965,2.690514
486,0.005738,0.257517,30.7330,0.863750,2.550300,26.6874,0.782268,2.669993,24.0330,0.657563,2.690244
487,0.005735,0.250512,30.7441,0.863993,2.550388,26.6805,0.782391,2.669931,24.0538,0.658697,2.690571
488,0.005739,0.253127,30.7319,0.863666,2.550585,26.6913,0.782744,2.670098,24.0467,0.658334,2.690358
489,0.005737,0.259205,30.7544,0.864234,2.550601,26.6681,0.782362,2.670010,24.0549,0.658896,2.690823
490,0.005738,0.266817,30.7358,0.863840,2.550445,26.6820,0.782642,2.670146,24.0469,0.658453,2.690554
491,0.005736,0.259705,30.7454,0.864029,2.550394,26.6347,0.781089,2.669498,24.0417,0.657946,2.690194
492,0.005735,0.255280,30.7390,0.863915,2.550392,26.6857,0.782515,2.670160,24.0454,0.658160,2.690481
493,0.005735,0.253595,30.7462,0.863998,2.550662,26.6532,0.781484,2.669754,24.0525,0.658523,2.690711
494,0.005736,0.251200,30.7512,0.864167,2.550365,26.6686,0.782026,2.669868,24.0375,0.658063,2.690381
495,0.005737,0.263793,30.7441,0.864050,2.550466,26.6799,0.782270,2.669836,24.0508,0.658646,2.690537
496,0.005738,0.260424,30.7426,0.863924,2.550451,26.6670,0.781814,2.669737,24.0481,0.658484,2.690588
497,0.005735,0.262726,30.7415,0.863921,2.550505,26.6605,0.781735,2.669657,24.0413,0.658301,2.690473
498,0.005733,0.246349,30.7485,0.864111,2.550492,26.6482,0.781460,2.669705,24.0479,0.658548,2.690277
499,0.005737,0.249927,30.7456,0.864082,2.550155,26.6847,0.782500,2.670039,24.0425,0.658013,2.689929
500,0.005736,0.259762,30.7466,0.864115,2.550518,26.7121,0.783515,2.670376,24.0592,0.658953,2.691076
